01011010101010101010101010101010100101010101010101010101001111010101010101000011110101010101010000101010100010101000000010101010101010101000010100101010101010101010101010110100101101010101010101010101010101010010101010101010101010100111101010101010100001111010101010101000010101010001010100000001010101010101010100001010010101010101010101010101011010
01011010101010101010101010101010100101010101010101010101001111010101010101000011110101010101010000101010100010101000000010101010101010101000010100101010101010101010101010110100101101010101010101010101010101010010101010101010101010100111101010101010100001111010101010101000010101010001010100000001010101010101010100001010010101010101010101010101011010
01011010101010101010101010101010100101010101010101010101001111010101010101000011110101010101010000101010100010101000000010101010101010101000010100101010101010101010101010110100101101010101010101010101010101010010101010101010101010100111101010101010100001111010101010101000010101010001010100000001010101010101010100001010010101010101010101010101011010
01011010101010101010101010101010100101010101010101010101001111010101010101000011110101010101010000101010100010101000000010101010101010101000010100101010101010101010101010110100101101010101010101010101010101010010101010101010101010100111101010101010100001111010101010101000010101010001010100000001010101010101010100001010010101010101010101010101011010
01011010101010101010101010101010100101010101010101010101001111010101010101000011110101010101010000101010100010101000000010101010101010101000010100101010101010101010101010110100101101010101010101010101010101010010101010101010101010100111101010101010100001111010101010101000010101010001010100000001010101010101010100001010010101010101010101010101011010
0101101010101010101010101010101010010101010101010101010100111101010101010100001111010101010101000010101010001010100000001010101010101010100001010010101010101010101010101011010м010110101010101010101010101010101001010101010101010101010011110101010101010000111101010101010100001010101000101010000000101010101010101010000101001010101010101010101010101101Ф01011010101010101010101010101010100101010101010101010101001111010101010101000011110101010101010000101010100010101000000010101010101010101000010100101010101010101010101010110100101101010101010101010101010101010010101010101010101010100111101010101010100001111010101010101000010101010001010100000001010101010101010100001010010101010101010101010101011010
01011010101010101010101010101010100101010101010101010101001111010101010101000011110101010101010000101010100010101000000010101010101010101000010100101010101010101010101010110100101101010101010101010101010101010010101010101010101010100111101010101010100001111010101010101000010101010001010100000001010101010101010100001010010101010101010101010101011010
01011010101010101010101010101010100101010101010101010101001111010101010101000011110101010101010000101010100010101000000010101010101010101000010100101010101010101010101010110100101101010101010101010101010101010010101010101010101010100111101010101010100001111010101010101000010101010001010100000001010101010101010100001010010101010101010101010101011010
01011010101010101010101010101010100101010101010101010101001111010101010101000011110101010101010000101010100010101000000010101010101010101000010100101010101010101010101010110100101101010101010101010101010101010010101010101010101010100111101010101010100001111010101010101000010101010001010100000001010101010101010100001010010101010101010101010101011010
01011010101010101010101010101010100101010101010101010101001111010101010101000011110101010101010000101010100010101000000010101010101010101000010100101010101010101010101010110100101101010101010101010101010101010010101010101010101010100111101010101010100001111010101010101000010101010001010100000001010101010101010100001010010101010101010101010101011010
0101101010101010101010101010101010010101010101010101010100111101010101010100001111010101010101000010101010001010100000001010101010101010100001010010101010101010101010101011010м010110101010101010101010101010101001010101010101010101010011110101010101010000111101010101010100001010101000101010000000101010101010101010000101001010101010101010101010101101Ф01011010101010101010101010101010100101010101010101010101001111010101010101000011110101010101010000101010100010101000000010101010101010101000010100101010101010101010101010110100101101010101010101010101010101010010101010101010101010100111101010101010100001111010101010101000010101010001010100000001010101010101010100001010010101010101010101010101011010
01011010101010101010101010101010100101010101010101010101001111010101010101000011110101010101010000101010100010101000000010101010101010101000010100101010101010101010101010110100101101010101010101010101010101010010101010101010101010100111101010101010100001111010101010101000010101010001010100000001010101010101010100001010010101010101010101010101011010
01011010101010101010101010101010100101010101010101010101001111010101010101000011110101010101010000101010100010101000000010101010101010101000010100101010101010101010101010110100101101010101010101010101010101010010101010101010101010100111101010101010100001111010101010101000010101010001010100000001010101010101010100001010010101010101010101010101011010
01011010101010101010101010101010100101010101010101010101001111010101010101000011110101010101010000101010100010101000000010101010101010101000010100101010101010101010101010110100101101010101010101010101010101010010101010101010101010100111101010101010100001111010101010101000010101010001010100000001010101010101010100001010010101010101010101010101011010
01011010101010101010101010101010100101010101010101010101001111010101010101000011110101010101010000101010100010101000000010101010101010101000010100101010101010101010101010110100101101010101010101010101010101010010101010101010101010100111101010101010100001111010101010101000010101010001010100000001010101010101010100001010010101010101010101010101011010
0101101010101010101010101010101010010101010101010101010100111101010101010100001111010101010101000010101010001010100000001010101010101010100001010010101010101010101010101011010м010110101010101010101010101010101001010101010101010101010011110101010101010000111101010101010100001010101000101010000000101010101010101010000101001010101010101010101010101101Ф01011010101010101010101010101010100101010101010101010101001111010101010101000011110101010101010000101010100010101000000010101010101010101000010100101010101010101010101010110100101101010101010101010101010101010010101010101010101010100111101010101010100001111010101010101000010101010001010100000001010101010101010100001010010101010101010101010101011010
01011010101010101010101010101010100101010101010101010101001111010101010101000011110101010101010000101010100010101000000010101010101010101000010100101010101010101010101010110100101101010101010101010101010101010010101010101010101010100111101010101010100001111010101010101000010101010001010100000001010101010101010100001010010101010101010101010101011010
01011010101010101010101010101010100101010101010101010101001111010101010101000011110101010101010000101010100010101000000010101010101010101000010100101010101010101010101010110100101101010101010101010101010101010010101010101010101010100111101010101010100001111010101010101000010101010001010100000001010101010101010100001010010101010101010101010101011010
01011010101010101010101010101010100101010101010101010101001111010101010101000011110101010101010000101010100010101000000010101010101010101000010100101010101010101010101010110100101101010101010101010101010101010010101010101010101010100111101010101010100001111010101010101000010101010001010100000001010101010101010100001010010101010101010101010101011010
01011010101010101010101010101010100101010101010101010101001111010101010101000011110101010101010000101010100010101000000010101010101010101000010100101010101010101010101010110100101101010101010101010101010101010010101010101010101010100111101010101010100001111010101010101000010101010001010100000001010101010101010100001010010101010101010101010101011010
0101101010101010101010101010101010010101010101010101010100111101010101010100001111010101010101000010101010001010100000001010101010101010100001010010101010101010101010101011010м010110101010101010101010101010101001010101010101010101010011110101010101010000111101010101010100001010101000101010000000101010101010101010000101001010101010101010101010101101Ф01011010101010101010101010101010100101010101010101010101001111010101010101000011110101010101010000101010100010101000000010101010101010101000010100101010101010101010101010110100101101010101010101010101010101010010101010101010101010100111101010101010100001111010101010101000010101010001010100000001010101010101010100001010010101010101010101010101011010
01011010101010101010101010101010100101010101010101010101001111010101010101000011110101010101010000101010100010101000000010101010101010101000010100101010101010101010101010110100101101010101010101010101010101010010101010101010101010100111101010101010100001111010101010101000010101010001010100000001010101010101010100001010010101010101010101010101011010
01011010101010101010101010101010100101010101010101010101001111010101010101000011110101010101010000101010100010101000000010101010101010101000010100101010101010101010101010110100101101010101010101010101010101010010101010101010101010100111101010101010100001111010101010101000010101010001010100000001010101010101010100001010010101010101010101010101011010
01011010101010101010101010101010100101010101010101010101001111010101010101000011110101010101010000101010100010101000000010101010101010101000010100101010101010101010101010110100101101010101010101010101010101010010101010101010101010100111101010101010100001111010101010101000010101010001010100000001010101010101010100001010010101010101010101010101011010
01011010101010101010101010101010100101010101010101010101001111010101010101000011110101010101010000101010100010101000000010101010101010101000010100101010101010101010101010110100101101010101010101010101010101010010101010101010101010100111101010101010100001111010101010101000010101010001010100000001010101010101010100001010010101010101010101010101011010
0101101010101010101010101010101010010101010101010101010100111101010101010100001111010101010101000010101010001010100000001010101010101010100001010010101010101010101010101011010м010110101010101010101010101010101001010101010101010101010011110101010101010000111101010101010100001010101000101010000000101010101010101010000101001010101010101010101010101101Ф01011010101010101010101010101010100101010101010101010101001111010101010101000011110101010101010000101010100010101000000010101010101010101000010100101010101010101010101010110100101101010101010101010101010101010010101010101010101010100111101010101010100001111010101010101000010101010001010100000001010101010101010100001010010101010101010101010101011010
01011010101010101010101010101010100101010101010101010101001111010101010101000011110101010101010000101010100010101000000010101010101010101000010100101010101010101010101010110100101101010101010101010101010101010010101010101010101010100111101010101010100001111010101010101000010101010001010100000001010101010101010100001010010101010101010101010101011010
01011010101010101010101010101010100101010101010101010101001111010101010101000011110101010101010000101010100010101000000010101010101010101000010100101010101010101010101010110100101101010101010101010101010101010010101010101010101010100111101010101010100001111010101010101000010101010001010100000001010101010101010100001010010101010101010101010101011010
01011010101010101010101010101010100101010101010101010101001111010101010101000011110101010101010000101010100010101000000010101010101010101000010100101010101010101010101010110100101101010101010101010101010101010010101010101010101010100111101010101010100001111010101010101000010101010001010100000001010101010101010100001010010101010101010101010101011010
01011010101010101010101010101010100101010101010101010101001111010101010101000011110101010101010000101010100010101000000010101010101010101000010100101010101010101010101010110100101101010101010101010101010101010010101010101010101010100111101010101010100001111010101010101000010101010001010100000001010101010101010100001010010101010101010101010101011010
0101101010101010101010101010101010010101010101010101010100111101010101010100001111010101010101000010101010001010100000001010101010101010100001010010101010101010101010101011010м010110101010101010101010101010101001010101010101010101010011110101010101010000111101010101010100001010101000101010000000101010101010101010000101001010101010101010101010101101Ф01011010101010101010101010101010100101010101010101010101001111010101010101000011110101010101010000101010100010101000000010101010101010101000010100101010101010101010101010110100101101010101010101010101010101010010101010101010101010100111101010101010100001111010101010101000010101010001010100000001010101010101010100001010010101010101010101010101011010
01011010101010101010101010101010100101010101010101010101001111010101010101000011110101010101010000101010100010101000000010101010101010101000010100101010101010101010101010110100101101010101010101010101010101010010101010101010101010100111101010101010100001111010101010101000010101010001010100000001010101010101010100001010010101010101010101010101011010
01011010101010101010101010101010100101010101010101010101001111010101010101000011110101010101010000101010100010101000000010101010101010101000010100101010101010101010101010110100101101010101010101010101010101010010101010101010101010100111101010101010100001111010101010101000010101010001010100000001010101010101010100001010010101010101010101010101011010
01011010101010101010101010101010100101010101010101010101001111010101010101000011110101010101010000101010100010101000000010101010101010101000010100101010101010101010101010110100101101010101010101010101010101010010101010101010101010100111101010101010100001111010101010101000010101010001010100000001010101010101010100001010010101010101010101010101011010
01011010101010101010101010101010100101010101010101010101001111010101010101000011110101010101010000101010100010101000000010101010101010101000010100101010101010101010101010110100101101010101010101010101010101010010101010101010101010100111101010101010100001111010101010101000010101010001010100000001010101010101010100001010010101010101010101010101011010
0101101010101010101010101010101010010101010101010101010100111101010101010100001111010101010101000010101010001010100000001010101010101010100001010010101010101010101010101011010м010110101010101010101010101010101001010101010101010101010011110101010101010000111101010101010100001010101000101010000000101010101010101010000101001010101010101010101010101101Ф
